20.5 0.5 0.5 1.5 4 3.5 1 7.5 5.5 2.5 9.5 0.5 0.5 0.5 0.5 
23 0.5 0.5 0.5 0.5 3 0.5 6.5 6.5 3 5.5 5.5 1.5 0.5 0.5 
23 0.5 0.5 0.5 0.5 3 0.5 6.5 6.5 3 5.5 5.5 1.5 0.5 0.5 
23 0.5 0.5 0.5 0.5 3 0.5 6.5 6.5 3 5.5 5.5 1.5 0.5 0.5 
23 0.5 0.5 0.5 0.5 3 0.5 6.5 6.5 3 5.5 5.5 1.5 0.5 0.5 
23 0.5 0.5 0.5 0.5 3 0.5 6.5 6.5 3 5.5 5.5 1.5 0.5 0.5 
23 0.5 0.5 0.5 0.5 3 0.5 6.5 6.5 3 5.5 5.5 1.5 0.5 0.5 
23 0.5 0.5 0.5 0.5 3 0.5 6.5 6.5 3 5.5 5.5 1.5 0.5 0.5 
23 0.5 0.5 0.5 0.5 3 0.5 6.5 6.5 3 5.5 5.5 1.5 0.5 0.5 
23 0.5 0.5 0.5 0.5 3 0.5 6.5 6.5 3 5.5 5.5 1.5 0.5 0.5 
23 0.5 0.5 0.5 0.5 3 0.5 6.5 6.5 3 5.5 5.5 1.5 0.5 0.5 
23 0.5 0.5 0.5 0.5 3 0.5 6.5 6.5 3 5.5 5.5 1.5 0.5 0.5 
23 0.5 0.5 0.5 0.5 3 0.5 6 6.5 3 5.5 5.5 1.5 0.5 0.5 
23 0.5 0.5 0.5 0.5 3 0.5 6 6.5 3 5.5 5.5 1.5 0.5 0.5 
23 0.5 0.5 0.5 0.5 3 0.5 6 6.5 3 5.5 5.5 1.5 0.5 0.5 
23 0.5 0.5 0.5 0.5 3 0.5 6 6.5 3 5.5 5.5 1.5 0.5 0.5 
23 0.5 0.5 0.5 0.5 3 0.5 6 6.5 3 5.5 5.5 1.5 0.5 0.5 
23 0.5 0.5 0.5 0.5 3 0.5 6 6.5 3 5.5 5.5 1.5 0.5 0.5 
23 0.5 0.5 0.5 0.5 3 0.5 6 6.5 3 5.5 5.5 1.5 0.5 0.5 
23 0.5 0.5 0.5 0.5 3 0.5 6 6.5 3 5.5 5.5 1.5 0.5 0.5 
23 0.5 0.5 0.5 0.5 3 0.5 6 6.5 3 5.5 5.5 1.5 0.5 0.5 
23 0.5 0.5 0.5 0.5 3 0.5 6 6.5 3 5.5 5.5 1.5 0.5 0.5 
23 0.5 0.5 0.5 0.5 3 0.5 6 6.5 3 5.5 5.5 1.5 0.5 0.5 
23 0.5 0.5 0.5 0.5 3 0.5 6 6.5 3 5.5 5.5 1.5 0.5 0.5 
23 0.5 0.5 0.5 0.5 3 0.5 6 6.5 3 5.5 5.5 1.5 0.5 0.5 
23 0.5 0.5 0.5 0.5 3 0.5 6 6.5 3 5.5 5.5 1.5 0.5 0.5 
23 0.5 0.5 0.5 0.5 3 0.5 6 6.5 3 5.5 5.5 1.5 0.5 0.5 
23 0.5 0.5 0.5 0.5 3 0.5 6 6.5 3 5.5 5.5 1.5 0.5 0.5 
23 0.5 0.5 0.5 0.5 3 0.5 6 6.5 3 5.5 5.5 1.5 0.5 0.5 
23 0.5 0.5 0.5 0.5 3 0.5 6 6.5 3 5.5 5.5 1.5 0.5 0.5 
23 0.5 0.5 0.5 0.5 3 0.5 6 6.5 3 5.5 5.5 1.5 0.5 0.5 
23 0.5 0.5 0.5 0.5 3 0.5 6 6.5 3 5.5 5.5 1.5 0.5 0.5 
23 0.5 0.5 0.5 0.5 3 0.5 6 6.5 3 5.5 5.5 1.5 0.5 0.5 
